0	file:/Users/tanatjakphan/data-science/lda_exercise/txt_sentoken/neg/cv676_22202.txt	0.002626177925442668	2.1154514787576298E-4	0.016952851512717595	0.16218805587774413	2.862586265436623E-4	3.386429696811906E-4	3.3447790409518746E-4	2.514638884025615E-4	2.76230624963694E-4	0.8165342955225335
1	file:/Users/tanatjakphan/data-science/lda_exercise/txt_sentoken/neg/cv839_22807.txt	4.1653479445869526E-4	3.597424380029114E-4	0.27989215677533696	0.020695947817842505	4.867962099166657E-4	5.758782404085341E-4	5.687953511841935E-4	4.276261270561332E-4	4.6974312326873436E-4	0.6961067791225246
2	file:/Users/tanatjakphan/data-science/lda_exercise/txt_sentoken/neg/cv155_7845.txt	0.015596201627239323	4.4653632091995644E-4	5.998937705445004E-4	0.020662801263290294	6.04243941361757E-4	0.005741208783541613	0.29223666305591495	5.307980858887441E-4	5.830765122022458E-4	0.6629985766390966
3	file:/Users/tanatjakphan/data-science/lda_exercise/txt_sentoken/neg/cv465_23401.txt	3.4874813636015533E-4	3.011981387682488E-4	4.0464096352659147E-4	3.758701917931079E-4	4.0757524522350304E-4	4.8216011191534996E-4	0.05133231907379058	0.49535730254195887	0.017345327097571722	0.4336448584990919
4	file:/Users/tanatjakphan/data-science/lda_exercise/txt_sentoken/neg/cv398_17047.txt	6.769548235659045E-4	0.007165770741464008	7.854483609019144E-4	7.29601431063179E-4	7.911440935563079E-4	0.020679266318397792	9.24409585293804E-4	6.949805232229207E-4	0.13238573317872035	0.8351666909438139
5	file:/Users/tanatjakphan/data-science/lda_exercise/txt_sentoken/neg/cv206_15893.txt	5.748157496561974E-4	4.964426067995553E-4	6.669397612233883E-4	0.006207674294620326	0.006259931388366231	7.947088379526686E-4	7.849344893667069E-4	5.901217282839078E-4	0.3191730932142602	0.6644513379294709
6	file:/Users/tanatjakphan/data-science/lda_exercise/txt_sentoken/neg/cv037_19798.txt	0.012564746324350569	0.44984356904400224	0.020730310804310332	4.489286013560472E-4	0.03693143079959228	0.004625282083705826	5.687953511841935E-4	4.276261270561332E-4	0.004519146966566026	0.4693401638978764
7	file:/Users/tanatjakphan/data-science/lda_exercise/txt_sentoken/neg/cv279_19452.txt	0.032293091450604515	4.0390269656073307E-4	5.426181482252649E-4	5.040369261340202E-4	0.009639531506636326	0.005193059557648603	6.386179440209543E-4	0.24144405039309533	5.27406539057166E-4	0.7088136848380171
8	file:/Users/tanatjakphan/data-science/lda_exercise/txt_sentoken/neg/cv646_16817.txt	0.39547629954621893	2.1409419213427573E-4	2.876222294896627E-4	2.671717208757989E-4	0.017159213093561488	3.4272349776807683E-4	0.02443780131854227	0.007484281861553117	0.07739729694292778	0.4769334955969286
9	file:/Users/tanatjakphan/data-science/lda_exercise/txt_sentoken/neg/cv756_23676.txt	3.609870632145538E-4	3.117683514940844E-4	4.1884138680793885E-4	3.890609369311804E-4	4.218786438481269E-4	0.23913749631218786	4.929426451898333E-4	0.010898764673775237	4.070997016092679E-4	0.747161160284942
10	file:/Users/tanatjakphan/data-science/lda_exercise/txt_sentoken/neg/cv823_17055.txt	4.719581156760156E-4	4.0760907714610176E-4	0.30795765106705025	5.086621804173897E-4	5.51568380377592E-4	6.525034950687241E-4	6.44478170182706E-4	4.845252397258214E-4	5.32246242712534E-4	0.6877887980316428
11	file:/Users/tanatjakphan/data-science/lda_exercise/txt_sentoken/neg/cv747_18189.txt	3.867767078041735E-4	3.3404171195117427E-4	0.015489189290783537	0.5681929011071722	4.5201850589167967E-4	0.019335267623411898	0.00428826572038644	3.970756532086577E-4	4.361837261822015E-4	0.39068827995320804
12	file:/Users/tanatjakphan/data-science/lda_exercise/txt_sentoken/neg/cv258_5627.txt	5.716214402934761E-4	0.006050785147629179	0.01733453747748367	0.006173177619586822	6.680429926714397E-4	7.902925604181232E-4	0.4120060704084196	5.868423620471093E-4	0.01731594457017844	0.5385026854212723
13	file:/Users/tanatjakphan/data-science/lda_exercise/txt_sentoken/neg/cv948_25870.txt	4.593135540972102E-4	3.9668853588435975E-4	0.027324629192378293	0.022821453271333562	0.11663416981207253	0.049753143652497264	6.27211502573021E-4	4.715439834941682E-4	5.179864595505757E-4	0.780993860036119
14	file:/Users/tanatjakphan/data-science/lda_exercise/txt_sentoken/neg/cv744_10091.txt	3.155798758500665E-4	0.003340508054953088	3.661569244966506E-4	3.401224439499592E-4	0.24580528066402868	0.05872746476307848	0.018838672407464816	0.049411276724158994	3.5589218114471274E-4	0.6224990459608746
15	file:/Users/tanatjakphan/data-science/lda_exercise/txt_sentoken/neg/cv754_7709.txt	4.0505322583270676E-4	3.498263216434642E-4	4.6996990232297137E-4	4.365541140065885E-4	0.012286730212013937	0.028124493129503766	0.28013578767840164	4.15838831518335E-4	4.567948942656685E-4	0.6769189516904909
16	file:/Users/tanatjakphan/data-science/lda_exercise/txt_sentoken/neg/cv838_25886.txt	2.9562655311987543E-4	2.553194075802162E-4	0.003216982457338111	0.017562477648064418	0.003219469786999552	0.23607480776854237	4.0369018708199774E-4	3.034983863230242E-4	3.333900126258751E-4	0.7383347377923246
17	file:/Users/tanatjakphan/data-science/lda_exercise/txt_sentoken/neg/cv131_11568.txt	2.0866873549965558E-4	0.0022088214271452824	0.002270715043736668	2.2489685092534243E-4	2.4386714128249955E-4	0.2640069607227264	2.849457194660788E-4	2.14225088483615E-4	0.0042925313475487585	0.7260443679231857
18	file:/Users/tanatjakphan/data-science/lda_exercise/txt_sentoken/neg/cv401_13758.txt	2.540147087047636E-4	2.1938112209042001E-4	2.947248910144003E-4	0.005212651553132674	0.23736320694055132	3.511868526538935E-4	3.468675063062562E-4	2.6077851729018354E-4	2.864626538059972E-4	0.7554107252544501
19	file:/Users/tanatjakphan/data-science/lda_exercise/txt_sentoken/neg/cv523_18285.txt	4.6345244751223473E-4	0.009411304433148282	0.005043249253908221	4.99495028565581E-4	0.005047148629682145	0.009651785343632794	0.5638229458610712	4.757930858138559E-4	5.226540569410328E-4	0.40506217185972476
20	file:/Users/tanatjakphan/data-science/lda_exercise/txt_sentoken/neg/cv073_23039.txt	3.297427841304616E-4	2.8478406763380947E-4	3.8258967998813656E-4	0.026000527902646568	3.8536405529021264E-4	0.003661526988764297	4.5027730022812823E-4	0.2471730061831239	0.0035775069033230056	0.7177546741348715
21	file:/Users/tanatjakphan/data-science/lda_exercise/txt_sentoken/neg/cv688_7884.txt	3.9877211191042676E-4	3.4440160499113405E-4	4.6268213294287374E-4	0.02369011250237204	4.6603730416021653E-4	0.14786673108503842	5.445396794073724E-4	0.07019037441529011	4.497114282246314E-4	0.7555866377356628
22	file:/Users/tanatjakphan/data-science/lda_exercise/txt_sentoken/neg/cv664_4264.txt	5.561680298226318E-4	4.8033740674096253E-4	0.060120859519274705	5.994210785480523E-4	6.499828888156033E-4	0.01698953372678217	0.3792402817606733	0.18981138321285013	0.011440950637868891	0.34011108173862364
23	file:/Users/tanatjakphan/data-science/lda_exercise/txt_sentoken/neg/cv461_21124.txt	0.27932704285979243	4.8558843256990553E-4	6.523578533253772E-4	6.05973921449097E-4	6.570884710368571E-4	0.17022260084311566	0.006233749125049615	5.77219362596988E-4	6.340698311960364E-4	0.5406043092998681
24	file:/Users/tanatjakphan/data-science/lda_exercise/txt_sentoken/neg/cv909_9973.txt	0.09645324879756488	5.321258277701164E-4	7.148779489369911E-4	0.28218557853610143	7.200619354093683E-4	8.518307905883187E-4	0.024800633016693805	0.036571457102511126	6.948372554996475E-4	0.5564753487889244
25	file:/Users/tanatjakphan/data-science/lda_exercise/txt_sentoken/neg/cv939_11247.txt	4.7413353980883685E-4	0.01884692172980152	5.501215128799772E-4	0.09269817596827991	5.541107567574447E-4	0.0052648695766502164	0.2910370317229341	0.009705475508392028	5.34699556433693E-4	0.5803344601280623
26	file:/Users/tanatjakphan/data-science/lda_exercise/txt_sentoken/neg/cv368_11090.txt	2.4494167321024296E-4	2.1154514787576298E-4	0.4122380693833002	2.63990725939195E-4	2.862586265436623E-4	3.386429696811906E-4	3.3447790409518746E-4	2.514638884025615E-4	0.012182411886125821	0.5736481977948262
27	file:/Users/tanatjakphan/data-science/lda_exercise/txt_sentoken/neg/cv185_28372.txt	0.026086193788221742	0.16708206833204525	5.101468666983849E-4	0.06031573859534931	0.004788265101579782	0.04762648589185038	6.004018557529058E-4	0.13295837318514017	4.958455485800597E-4	0.559536480834782
28	file:/Users/tanatjakphan/data-science/lda_exercise/txt_sentoken/neg/cv749_18960.txt	2.6514565551536686E-4	0.00796195107369923	0.008040596413184536	0.033795244790503644	3.098706324125573E-4	0.26070944982855887	3.6206727085024196E-4	0.008005162506386885	2.990154724163748E-4	0.6802514963564723
29	file:/Users/tanatjakphan/data-science/lda_exercise/txt_sentoken/neg/cv836_14311.txt	4.922865408600611E-4	0.2253594348074076	0.005357019351669344	5.305715421491131E-4	5.753258202477183E-4	0.02939562152595883	6.722374687944991E-4	0.005291230472825871	5.551714294295233E-4	0.7317711010406573
30	file:/Users/tanatjakphan/data-science/lda_exercise/txt_sentoken/neg/cv322_21820.txt	4.6345244751223473E-4	4.0026311267257276E-4	5.37728593670367E-4	4.99495028565581E-4	5.416279694442913E-4	6.407440231570859E-4	0.0051383839915772386	4.757930858138559E-4	0.3068980589531151	0.6844044527944716
31	file:/Users/tanatjakphan/data-science/lda_exercise/txt_sentoken/neg/cv789_12991.txt	0.04822819909494468	0.004338866982758058	4.75588193194482E-4	4.417729333001655E-4	4.790369535928249E-4	5.666990668906934E-4	0.38310615811153337	4.208100083949631E-4	4.622556835032776E-4	0.5614806129718874
32	file:/Users/tanatjakphan/data-science/lda_exercise/txt_sentoken/neg/cv617_9561.txt	0.016150860427183812	2.811786347519069E-4	0.006707862910704974	3.5088751811192985E-4	0.009875660614526634	0.43089806232352557	0.022599985853644557	3.342372705800029E-4	3.6715637670674397E-4	0.5124341080702639
33	file:/Users/tanatjakphan/data-science/lda_exercise/txt_sentoken/neg/cv288_20212.txt	6.198450226248085E-4	5.353323722038549E-4	0.187522517319422	0.012719878058880977	7.244009666505493E-4	8.569638496083895E-4	0.018924165574605075	6.363500238786232E-4	6.990242849909862E-4	0.7767615225271347
34	file:/Users/tanatjakphan/data-science/lda_exercise/txt_sentoken/neg/cv464_17076.txt	2.604462760685788E-4	2.2493577863872975E-4	3.021872265618877E-4	2.8070111788812955E-4	3.0437855795901835E-4	0.007955978326717336	3.55650075412206E-4	0.37499842534270456	2.937157922741004E-4	0.6150235815057754
35	file:/Users/tanatjakphan/data-science/lda_exercise/txt_sentoken/neg/cv904_25663.txt	0.0010089583945458367	8.71392156252184E-4	0.3248589623832702	0.001087424836809932	0.0011791502869929432	0.0013949307299803335	0.0013777740827191514	0.0010358245610216233	0.0011378431617413598	0.6660477394066664
36	file:/Users/tanatjakphan/data-science/lda_exercise/txt_sentoken/neg/cv866_29447.txt	0.18083104805817993	3.4845418429803554E-4	4.681265211526372E-4	4.3484180087842005E-4	4.715211727244541E-4	5.578079239984461E-4	5.509472867023788E-4	0.004336546544405014	4.5500318994028073E-4	0.8115457033177204
37	file:/Users/tanatjakphan/data-science/lda_exercise/txt_sentoken/neg/cv429_7937.txt	0.005407519546416436	4.355891164133223E-4	5.851868822562715E-4	5.435789390957721E-4	0.01529892299560762	6.972941399234695E-4	0.32920071911103427	5.177851350363191E-4	5.687819128089813E-4	0.6467446222214076
38	file:/Users/tanatjakphan/data-science/lda_exercise/txt_sentoken/neg/cv212_10054.txt	4.098954653674588E-4	3.5400834695995556E-4	0.08017276090915654	4.417729333001655E-4	0.04032762331157384	0.14003675131982427	5.597290749155209E-4	0.024329961823183574	4.622556835032776E-4	0.7129052411322154
39	file:/Users/tanatjakphan/data-science/lda_exercise/txt_sentoken/neg/cv007_4992.txt	3.754818932726151E-4	3.242868867350628E-4	4.356592601937656E-4	4.0468302630144624E-4	0.30341389013715053	5.191207430440502E-4	0.10637149590929171	0.07339152144939169	4.234461073196759E-4	0.5143404145872994
40	file:/Users/tanatjakphan/data-science/lda_exercise/txt_sentoken/neg/cv522_5418.txt	0.11317831221954675	5.554136202020342E-4	7.461636494615519E-4	6.931099401994381E-4	0.07577505166131994	0.03214889220141489	0.10716143394058378	6.602206196181387E-4	0.18828393878868668	0.4807974633589669
41	file:/Users/tanatjakphan/data-science/lda_exercise/txt_sentoken/neg/cv109_22599.txt	0.004178304704561006	0.053376935212111926	0.042126735093228604	0.06861476649511854	4.554435380866077E-4	0.01948177470939303	5.321614300055682E-4	4.0008437271534897E-4	0.2126009383795501	0.5982328560652292
42	file:/Users/tanatjakphan/data-science/lda_exercise/txt_sentoken/neg/cv753_11812.txt	3.4293469717866536E-4	2.961773318341039E-4	3.978958217278349E-4	3.6960464289891216E-4	0.0037346709381442414	0.4338797899537634	4.682913987256992E-4	3.5206623393432395E-4	3.867413187877109E-4	0.559771827663005
43	file:/Users/tanatjakphan/data-science/lda_exercise/txt_sentoken/neg/cv312_29308.txt	3.6612658486287583E-4	3.162071260515348E-4	0.003984157675414841	3.9460015789402635E-4	0.032462062743944885	5.061866049668671E-4	0.4454190947605052	0.003935228737624187	4.128957479019371E-4	0.5122034398608337
44	file:/Users/tanatjakphan/data-science/lda_exercise/txt_sentoken/neg/cv294_12695.txt	0.0011435610628275795	0.36785840716673324	0.001326836195150811	0.0012324955209746058	0.04580564144088873	0.001581025022211352	0.0015615795486590093	0.0011740113787724533	0.001289640031150888	0.5770268026326313
45	file:/Users/tanatjakphan/data-science/lda_exercise/txt_sentoken/neg/cv886_19210.txt	3.897073901970643E-4	3.3657281101674176E-4	4.5216463522524444E-4	4.200148365675896E-4	4.554435380866077E-4	0.3263581571728723	0.02326374531618922	4.0008437271534897E-4	4.394887751693678E-4	0.6474846211519605
46	file:/Users/tanatjakphan/data-science/lda_exercise/txt_sentoken/neg/cv479_5450.txt	2.700177382674666E-4	0.002858219102954555	3.132926785563798E-4	2.9101695031087584E-4	3.1556454190025004E-4	3.7331176665477897E-4	0.45187162388161145	0.013402292075983962	0.02130464496737612	0.5090000162963841
47	file:/Users/tanatjakphan/data-science/lda_exercise/txt_sentoken/neg/cv867_18362.txt	3.235202424299835E-4	2.7940993718496233E-4	0.3431966424874537	0.006638978910991257	3.7809189038072986E-4	4.472814046404859E-4	0.006732078744377544	3.3213481835144487E-4	0.10100962413565234	0.5406622374285376
48	file:/Users/tanatjakphan/data-science/lda_exercise/txt_sentoken/neg/cv260_15652.txt	4.3595367166775596E-4	3.765136521329219E-4	0.3988954283445006	4.6985767979401406E-4	5.094906785468134E-4	0.004840913013067859	0.017548061802325675	4.475620828590108E-4	4.916425759721046E-4	0.5759845764991333
49	file:/Users/tanatjakphan/data-science/lda_exercise/txt_sentoken/neg/cv313_19337.txt	0.013262937178545325	3.7973240625181987E-4	5.101468666983849E-4	0.013297131026535782	5.138462316876427E-4	0.23997533503699664	0.009149239595537186	4.513882184838524E-4	0.004770264418472199	0.7176899790207911
50	file:/Users/tanatjakphan/data-science/lda_exercise/txt_sentoken/neg/cv317_25111.txt	4.182283700276612E-4	3.612051033365812E-4	0.033012202072148875	4.5075388587388605E-4	4.887754591394143E-4	5.782196854249641E-4	5.711079981066643E-4	0.02482457391184673	0.3013458987679009	0.6379490347461944
51	file:/Users/tanatjakphan/data-science/lda_exercise/txt_sentoken/neg/cv506_17521.txt	0.01149318781474507	0.009926151332146978	0.013335166862505592	0.012387010159621877	0.013431867739522312	0.015889853293147932	0.0156944194969577	0.011799224117963912	0.012961332431852518	0.8830817867515361
52	file:/Users/tanatjakphan/data-science/lda_exercise/txt_sentoken/neg/cv602_8830.txt	6.161322626456283E-4	5.321258277701164E-4	7.148779489369911E-4	0.29416521810296636	7.200619354093683E-4	8.518307905883187E-4	8.413538829639927E-4	6.325384019164074E-4	0.04262357573952682	0.6583022851072761
53	file:/Users/tanatjakphan/data-science/lda_exercise/txt_sentoken/neg/cv710_23745.txt	3.6612658486287583E-4	3.162071260515348E-4	0.44534393849195686	3.9460015789402635E-4	4.278851040345781E-4	5.061866049668671E-4	4.99960872861966E-4	3.758756665230418E-4	4.128957479019371E-4	0.5513563236429463
54	file:/Users/tanatjakphan/data-science/lda_exercise/txt_sentoken/neg/cv971_11790.txt	0.003187927326225826	0.006037978859468728	3.4498872114663965E-4	3.204593416685184E-4	3.4749043051703803E-4	0.0033016716847586434	0.3588393950152334	3.052529661570442E-4	3.353174014337827E-4	0.6269795182533904
55	file:/Users/tanatjakphan/data-science/lda_exercise/txt_sentoken/neg/cv098_17021.txt	0.020692661987390143	5.924535585479603E-4	7.959245025749013E-4	0.18746832816461048	0.014139481594134739	9.484038489159642E-4	0.03428120263806947	7.042500242922076E-4	7.736117721583423E-4	0.7396036819093059
56	file:/Users/tanatjakphan/data-science/lda_exercise/txt_sentoken/neg/cv960_28877.txt	3.5847103498718125E-4	0.3000134485049046	4.1592212221541714E-4	0.05963013415970439	0.0039038667348251076	0.042314744757938436	4.895069054191919E-4	0.03870223004051659	0.05964804719677133	0.49452362854271775
57	file:/Users/tanatjakphan/data-science/lda_exercise/txt_sentoken/neg/cv423_12089.txt	2.3541195790779886E-4	2.033147597737797E-4	0.01171609939770307	2.5371988705859874E-4	0.007140896630433773	3.254677061666561E-4	0.4946572790174404	2.4168041940802627E-4	2.6548357984385143E-4	0.484960646644264
58	file:/Users/tanatjakphan/data-science/lda_exercise/txt_sentoken/neg/cv887_5306.txt	0.3623613973457971	7.46855163903211E-4	0.034630947551205465	0.11022169385552141	0.0010106293412672955	0.08526455627217738	0.0011808663653761564	8.877873374762057E-4	9.752257177910091E-4	0.4027200410494848
59	file:/Users/tanatjakphan/data-science/lda_exercise/txt_sentoken/neg/cv291_26844.txt	7.915605489800455E-4	6.836353781370405E-4	0.37798672471540945	8.531200151095051E-4	9.250816025196466E-4	0.0010943683509461164	0.008776179897368612	0.016203180911083893	8.926748244823333E-4	0.5917934737559635
60	file:/Users/tanatjakphan/data-science/lda_exercise/txt_sentoken/neg/cv049_21917.txt	0.011044185798166312	0.22099609753432253	0.14635828051946065	0.046666190082208917	4.278851040345781E-4	5.061866049668671E-4	4.99960872861966E-4	3.758756665230418E-4	0.007531601890104228	0.5655937359273508
61	file:/Users/tanatjakphan/data-science/lda_exercise/txt_sentoken/neg/cv382_8393.txt	0.05403712546350428	0.08061916590122191	7.959245025749013E-4	7.393326983712617E-4	0.014139481594134739	9.484038489159642E-4	9.367391619553236E-4	7.042500242922076E-4	0.16082703645750623	0.6862525403475233
62	file:/Users/tanatjakphan/data-science/lda_exercise/txt_sentoken/neg/cv915_9342.txt	4.30480303213053E-4	3.7178654904771174E-4	4.994721018135032E-4	4.6395864884206373E-4	0.017243002632134227	0.3186534214468979	0.008957792802597158	0.025551805832779426	4.8547003714241577E-4	0.6273428096455326
63	file:/Users/tanatjakphan/data-science/lda_exercise/txt_sentoken/neg/cv217_28707.txt	0.0752665793886171	0.05772932203831003	0.005299035353256167	2.77191914659451E-4	0.12281590887732365	3.555772378667292E-4	0.1828740506994234	0.06777248884553831	0.007790982795105454	0.4798188628498997
64	file:/Users/tanatjakphan/data-science/lda_exercise/txt_sentoken/neg/cv729_10475.txt	0.004085436267338347	3.290920279765192E-4	4.4211466854979253E-4	4.1067944237295755E-4	4.4532069338859147E-4	5.268128471461024E-4	0.2746452413502431	3.9119195986409764E-4	4.2972054651856437E-4	0.7182943901966019
65	file:/Users/tanatjakphan/data-science/lda_exercise/txt_sentoken/neg/cv862_15924.txt	0.024000219270079993	0.01719493007406013	4.0327370196969293E-4	3.74600145233452E-4	0.18286949449108317	4.8053091703713927E-4	0.01061147053272224	3.568246906456283E-4	0.04093936764193669	0.7227692885352318
66	file:/Users/tanatjakphan/data-science/lda_exercise/txt_sentoken/neg/cv034_29446.txt	4.2514266619080883E-4	3.671766711189014E-4	4.932790175717408E-4	0.03352289810995903	0.21541735539563595	5.877790133876411E-4	5.80549753193223E-4	0.25668782779346055	4.794505681351215E-4	0.4914385410113471
67	file:/Users/tanatjakphan/data-science/lda_exercise/txt_sentoken/neg/cv560_18608.txt	3.1950073242295823E-4	2.7593846649694094E-4	0.08112860511269983	0.053147589844144874	0.015903759548507847	4.4172424979785547E-4	0.1557399431807281	3.2800827833645926E-4	3.603138895756553E-4	0.6923546166972895
68	file:/Users/tanatjakphan/data-science/lda_exercise/txt_sentoken/neg/cv684_12727.txt	0.3500666362702237	2.903689827857596E-4	3.9009266608739057E-4	3.6235630703690907E-4	3.9292144980771317E-4	4.6482472238798214E-4	0.0037276163742259133	3.4516184472207996E-4	3.7915691468417797E-4	0.6435808644680383
69	file:/Users/tanatjakphan/data-science/lda_exercise/txt_sentoken/neg/cv627_12603.txt	6.595914347167684E-4	0.045455860873886214	7.653021933343102E-4	0.28926503895190053	0.032832424196461776	0.013736544011275222	0.03296227152723394	6.771547885546442E-4	0.019980791337456037	0.5636650206851807
70	file:/Users/tanatjakphan/data-science/lda_exercise/txt_sentoken/neg/cv498_9288.txt	8.575514621786864E-4	7.406287729648805E-4	9.949886859646772E-4	9.242430251403319E-4	0.0010022039146563428	0.0011856037806901594	0.1428968221911836	0.16761662188794132	0.025977530824487307	0.6578038054547927
71	file:/Users/tanatjakphan/data-science/lda_exercise/txt_sentoken/neg/cv044_18429.txt	4.532419917232524E-4	3.9144479951479E-4	0.013744656407328484	0.05776984740651351	0.348624094818918	6.266276050528803E-4	6.189205350507999E-4	0.022496601864573224	5.111393132602633E-4	0.5547634252580649
72	file:/Users/tanatjakphan/data-science/lda_exercise/txt_sentoken/neg/cv359_6751.txt	2.7144282224888323E-4	2.3443300284458558E-4	3.1494615651145975E-4	2.92552862717482E-4	3.172300101641152E-4	0.3513451307771182	0.09800889491480186	2.786707001183949E-4	3.061170418614678E-4	0.5486305817116135
73	file:/Users/tanatjakphan/data-science/lda_exercise/txt_sentoken/neg/cv537_13516.txt	4.1653479445869526E-4	0.3243120499017862	0.00858209927441846	4.489286013560472E-4	0.008585603896511248	0.008674685927003116	5.687953511841935E-4	4.276261270561332E-4	4.6974312326873436E-4	0.6475139330029571
74	file:/Users/tanatjakphan/data-science/lda_exercise/txt_sentoken/neg/cv089_12222.txt	3.8823651836624395E-4	3.3530248492286347E-4	4.504580311382404E-4	0.05703289986078376	4.5372455844302947E-4	5.367545905730058E-4	5.301528941744965E-4	0.004172872354085419	0.2835101814404648	0.6525894172670481
75	file:/Users/tanatjakphan/data-science/lda_exercise/txt_sentoken/neg/cv784_16077.txt	2.772968267817694E-4	2.3948884425509088E-4	3.2173836494990104E-4	2.988621317203172E-4	3.240714727678511E-4	0.03003697307468337	0.345438705437086	2.846805828928228E-4	3.127188393811225E-4	0.6224654644254818
76	file:/Users/tanatjakphan/data-science/lda_exercise/txt_sentoken/neg/cv801_26335.txt	6.27406416747488E-4	5.418628094988438E-4	7.279589782045213E-4	0.06776985396859742	7.332378226577167E-4	0.04356337965447821	8.567492029396158E-4	0.01894238211767513	0.2873804381787486	0.5788567308504525
77	file:/Users/tanatjakphan/data-science/lda_exercise/txt_sentoken/neg/cv692_17026.txt	0.029601438962451505	3.702371151829844E-4	4.973905337981497E-4	0.4047130268044132	5.009973953645641E-4	0.008927750394314262	5.853886773020201E-4	4.401011583094174E-4	0.004650982923443131	0.5497126860354208
78	file:/Users/tanatjakphan/data-science/lda_exercise/txt_sentoken/neg/cv531_26838.txt	3.3511406378794304E-4	2.8942300119922477E-4	3.888217986702835E-4	3.6117580080331253E-4	3.91641366608376E-4	0.006979031023950537	4.576120029702028E-4	0.2674885834144393	0.003635781992207788	0.719672815535363
79	file:/Users/tanatjakphan/data-science/lda_exercise/txt_sentoken/neg/cv913_29127.txt	0.05553047518320959	4.0760907714610176E-4	0.028076855973754585	0.028037920714184178	5.51568380377592E-4	0.005240713250696522	0.5558178586011463	0.014249154506609215	5.32246242712534E-4	0.3115555980701635
80	file:/Users/tanatjakphan/data-science/lda_exercise/txt_sentoken/neg/cv319_16459.txt	4.2339274733177315E-4	3.656653446102123E-4	0.2598039379753173	4.5631989551066275E-4	4.948109676531469E-4	5.85359671217898E-4	5.781601671965417E-4	4.3466669093137657E-4	0.004593551547733125	0.732264134992498
81	file:/Users/tanatjakphan/data-science/lda_exercise/txt_sentoken/neg/cv377_8440.txt	0.0011695658828164228	0.001010101647417427	0.0013570087303403737	0.0012605227293168973	0.22876896029816873	0.17216856120945917	0.0015970901972646272	0.0012007086453743284	0.001318966717718514	0.5901485139421235
82	file:/Users/tanatjakphan/data-science/lda_exercise/txt_sentoken/neg/cv943_23547.txt	4.899417601862226E-4	4.2314074510360557E-4	0.019620624799429012	5.280444084680938E-4	5.725855201328292E-4	0.45792924341139674	6.690355745840549E-4	5.029877459907493E-4	5.525271254919845E-4	0.5187118689092167
83	file:/Users/tanatjakphan/data-science/lda_exercise/txt_sentoken/neg/cv691_5090.txt	0.14585190677046186	2.7508403539185344E-4	0.04991284181610012	3.4328196570136856E-4	3.722381673419705E-4	0.04688718477610341	0.012820761283272746	3.269926153906773E-4	0.006552108634506611	0.7366575999357294
84	file:/Users/tanatjakphan/data-science/lda_exercise/txt_sentoken/neg/cv604_23339.txt	5.561680298226318E-4	4.8033740674096253E-4	6.453034267621328E-4	5.994210785480523E-4	6.499828888156033E-4	7.689275197332853E-4	7.594702628660103E-4	0.08708087723487384	0.022254688109234814	0.8862048240426026
85	file:/Users/tanatjakphan/data-science/lda_exercise/txt_sentoken/neg/cv327_21743.txt	0.28515609502554157	2.9421556730725696E-4	3.95260313116786E-4	3.671565241556346E-4	3.9812657038393464E-4	4.7098236210966734E-4	4.651896169365305E-4	0.07652130325146159	3.8417969330622846E-4	0.6355474910756808
86	file:/Users/tanatjakphan/data-science/lda_exercise/txt_sentoken/neg/cv718_12227.txt	0.21348617325336752	2.2550675418890823E-4	0.002841347937912057	0.005358200930252476	3.0515119055506395E-4	0.17297176041053908	0.04350924475597087	0.01296002826719983	2.9446135857353364E-4	0.5480481251414406
87	file:/Users/tanatjakphan/data-science/lda_exercise/txt_sentoken/neg/cv686_15553.txt	0.22180904190422568	3.3914256020227954E-4	4.5561693340580436E-4	4.2322166952870374E-4	0.07299186608665412	5.429018102539058E-4	5.362245074633115E-4	4.031390356509136E-4	0.004260367724975399	0.6982384777676399
88	file:/Users/tanatjakphan/data-science/lda_exercise/txt_sentoken/neg/cv195_16146.txt	3.3080322104064115E-4	2.8569991947737997E-4	3.8382006996977953E-4	3.5652970489258057E-4	3.8660336752918646E-4	0.06156043523005595	0.3542064267123202	0.061442696502642336	3.7306016281527573E-4	0.5206739251092567
89	file:/Users/tanatjakphan/data-science/lda_exercise/txt_sentoken/neg/cv170_29808.txt	3.6875161927999134E-4	3.1847425065581166E-4	4.27850345193971E-4	3.974293405819183E-4	4.309529313137212E-4	0.004094688560675297	0.011258163644853943	3.7857059937406313E-4	0.26569643787363906	0.7166286808344322
90	file:/Users/tanatjakphan/data-science/lda_exercise/txt_sentoken/neg/cv254_5870.txt	3.8532783420362375E-4	3.327903847430903E-4	0.07911352042384506	4.1529468359873423E-4	0.03416451262502887	5.327332028287942E-4	0.33766805486533247	3.9558819954418743E-4	4.3454977286209935E-4	0.5465576280080131
91	file:/Users/tanatjakphan/data-science/lda_exercise/txt_sentoken/neg/cv435_24355.txt	0.0017449255139941613	0.0015070139803170508	0.0020245795393600816	0.0018806279352625833	0.06989345390743344	0.307756307101958	0.0023827673791630578	0.0017913887374533574	0.001967823028758284	0.6090511128763001
92	file:/Users/tanatjakphan/data-science/lda_exercise/txt_sentoken/neg/cv184_26935.txt	0.0645620482319549	4.377354049787065E-4	0.02029736498292168	0.06952878876267489	0.1976852816743218	0.03026467197707701	6.921114583612275E-4	5.203364299901624E-4	5.71584485393235E-4	0.6154400765923265
93	file:/Users/tanatjakphan/data-science/lda_exercise/txt_sentoken/neg/cv388_12810.txt	6.769548235659045E-4	0.2506670328878969	7.854483609019144E-4	7.29601431063179E-4	7.911440935563079E-4	9.359207389572847E-4	9.24409585293804E-4	6.949805232229207E-4	7.634293157836451E-4	0.7430310782397582
94	file:/Users/tanatjakphan/data-science/lda_exercise/txt_sentoken/neg/cv835_20531.txt	0.023064993760417027	0.1788889452835283	0.010129402573354157	3.600029614409471E-4	3.903695969890736E-4	4.618058892889502E-4	4.5612600814834425E-4	0.010084763558005548	0.003623975585953669	0.7725396147828739
95	file:/Users/tanatjakphan/data-science/lda_exercise/txt_sentoken/neg/cv541_28683.txt	5.018944785310076E-4	0.2687916901514759	5.82331614732224E-4	5.40926686732267E-4	0.0932921235451563	6.938918741297529E-4	0.15682105284972003	5.152587368457043E-4	5.660066890759279E-4	0.4776948233736009
96	file:/Users/tanatjakphan/data-science/lda_exercise/txt_sentoken/neg/cv609_25038.txt	1.8738182292990253E-4	0.012913451608197927	0.0821921021756708	0.0020236142210382675	2.1898953562353028E-4	2.590638667140599E-4	2.558775670048309E-4	1.9237135597366812E-4	0.32264509567355343	0.5791120521732935
97	file:/Users/tanatjakphan/data-science/lda_exercise/txt_sentoken/neg/cv708_28539.txt	4.6554999262236836E-4	4.0207466839799823E-4	5.40162306100384E-4	0.3671006480620621	0.009595903832892754	6.436439743814994E-4	0.014213464369422937	4.7794648357006884E-4	0.0050509317947335115	0.6015096745158164
98	file:/Users/tanatjakphan/data-science/lda_exercise/txt_sentoken/neg/cv386_10229.txt	5.14444982445434E-4	4.4430308023556294E-4	5.968935506028524E-4	5.544532402004809E-4	0.15063878306155193	0.07072877202654143	7.024957298831689E-4	5.281434308806973E-4	0.01058266447270363	0.7647090464249547
99	file:/Users/tanatjakphan/data-science/lda_exercise/txt_sentoken/neg/cv392_12238.txt	0.039711671392273926	2.692480340280553E-4	0.00945400659467564	0.009428287731476852	0.003395103877835879	0.2853227239201144	4.2571299322044943E-4	0.018504632574696964	3.515776819116392E-4	0.6331370351997662
100	file:/Users/tanatjakphan/data-science/lda_exercise/txt_sentoken/neg/cv822_21545.txt	4.6137371869058356E-4	3.9846780773239476E-4	0.3189924683141085	4.972546375228229E-4	5.391985990164513E-4	6.378700863046924E-4	6.300247418485246E-4	4.7365900537921213E-4	5.20309790430524E-4	0.6768493732989662
101	file:/Users/tanatjakphan/data-science/lda_exercise/txt_sentoken/neg/cv758_9740.txt	0.028450899202188174	2.776633517973953E-4	3.730234412031662E-4	3.465007377562386E-4	3.7572844626864935E-4	0.18797382730970028	4.3901860612647963E-4	0.01908299283601916	0.05037039069747676	0.7123099553714637
102	file:/Users/tanatjakphan/data-science/lda_exercise/txt_sentoken/neg/cv819_9567.txt	0.16521024396246567	3.327903847430903E-4	0.0041931040019077565	0.04536754453676111	4.503252351570883E-4	0.09043723290915355	5.261809666146116E-4	3.9558819954418743E-4	4.3454977286209935E-4	0.6926524400307909
103	file:/Users/tanatjakphan/data-science/lda_exercise/txt_sentoken/neg/cv704_17622.txt	3.768575371197955E-4	0.011316501741167334	4.3725537439125525E-4	0.02605189478941573	4.404261617252177E-4	5.210226330390327E-4	0.007841965610086094	0.3704181270320842	0.007752348658141037	0.5748436004628303
104	file:/Users/tanatjakphan/data-science/lda_exercise/txt_sentoken/neg/cv458_9000.txt	0.3238253360561547	2.93244398354478E-4	3.939556080398999E-4	0.013569446517336844	0.020202065300873918	0.016973805121915427	0.10609166953313626	0.10267571981994818	3.829115639756091E-4	0.41559184608026467
105	file:/Users/tanatjakphan/data-science/lda_exercise/txt_sentoken/neg/cv679_28221.txt	6.430964870720696E-4	0.18811410650765983	7.461636494615519E-4	0.006945066369781364	0.007003530935918753	8.891100535052601E-4	0.05089382607434645	6.602206196181387E-4	7.25245901228886E-4	0.7433796334014078
106	file:/Users/tanatjakphan/data-science/lda_exercise/txt_sentoken/neg/cv097_26081.txt	2.2123508770982271E-4	1.9107083221690308E-4	2.566917775994757E-4	0.2884415157926404	0.04972624522600872	0.10139202081976442	3.0210558897415915E-4	0.0023778952715290225	0.004551034187743379	0.5525401854158137
107	file:/Users/tanatjakphan/data-science/lda_exercise/txt_sentoken/neg/cv740_13643.txt	0.06717250711407126	4.2314074510360557E-4	5.684632697475758E-4	5.280444084680938E-4	5.725855201328292E-4	6.773666990421861E-4	0.09592984322299125	0.4101244606341417	5.525271254919845E-4	0.42345106126080956
108	file:/Users/tanatjakphan/data-science/lda_exercise/txt_sentoken/neg/cv773_20264.txt	0.02669853374089916	2.6056133811066883E-4	3.5004794963890216E-4	3.251588490222441E-4	3.5258634635166935E-4	0.3054472331559148	4.11978299358948E-4	3.0972947338486436E-4	0.009139180706338184	0.6567049901409805
109	file:/Users/tanatjakphan/data-science/lda_exercise/txt_sentoken/neg/cv600_25043.txt	7.297856621650726E-4	6.302831763862791E-4	0.029225617869155052	0.14977561695878083	8.528864794000057E-4	0.001008961768846117	9.965522629143385E-4	7.492181216176694E-4	0.16400152064989085	0.6520295570508439
110	file:/Users/tanatjakphan/data-science/lda_exercise/txt_sentoken/neg/cv416_12048.txt	2.6311102933099223E-4	2.272372066299798E-4	0.4735116548427037	2.835731083459948E-4	0.01053898201017686	3.637629283770078E-4	3.592889053200013E-4	2.701170513372851E-4	0.002854593243804334	0.5113276796739739
111	file:/Users/tanatjakphan/data-science/lda_exercise/txt_sentoken/neg/cv702_12371.txt	5.303597594064406E-4	4.5804795999204343E-4	0.10889072611249323	0.0057275755706720595	0.021243700720256407	0.07807279439488761	7.242280107657723E-4	5.44481980565704E-4	0.1604331739605897	0.6233749115303712
112	file:/Users/tanatjakphan/data-science/lda_exercise/txt_sentoken/neg/cv527_10338.txt	0.33372796250451736	2.93244398354478E-4	0.010296582056402506	3.6594458618670377E-4	0.003697687886936243	4.6942770797775413E-4	0.020268906980660348	3.4857985353459046E-4	3.829115639756091E-4	0.6301487524614544
113	file:/Users/tanatjakphan/data-science/lda_exercise/txt_sentoken/neg/cv055_8926.txt	5.443941587943377E-4	0.11690313007533489	0.0112164572500073	0.03763358285806085	0.07472992559509688	0.03250709358192689	7.433925589252412E-4	0.016436112069065707	6.139352962665066E-4	0.7086719765565214
114	file:/Users/tanatjakphan/data-science/lda_exercise/txt_sentoken/neg/cv798_24779.txt	0.004308902269076856	3.470927688726297E-4	4.66297544214901E-4	0.3676924720847965	0.1176801031510211	5.556285605516421E-4	0.012269837149681113	4.125894551284244E-4	4.5322548604316315E-4	0.4958138515306137
115	file:/Users/tanatjakphan/data-science/lda_exercise/txt_sentoken/neg/cv371_8197.txt	5.222811616149661E-4	4.5107083706302927E-4	0.12754180053328273	0.005640331433960935	0.01584267774781458	0.1073481619226821	7.131963540374333E-4	5.361882688960657E-4	0.041208458350739004	0.7001958333899091
116	file:/Users/tanatjakphan/data-science/lda_exercise/txt_sentoken/neg/cv549_22771.txt	0.1288022665031484	3.9317723996144636E-4	5.282091644568184E-4	0.01376793023282826	5.32039509436967E-4	6.29400907979195E-4	0.08913684495005293	0.004893129364275864	0.058048271886922596	0.7032687302409375
117	file:/Users/tanatjakphan/data-science/lda_exercise/txt_sentoken/neg/cv283_11963.txt	3.452366590951561E-4	2.9816543319573056E-4	0.03731952138454076	3.720856278185226E-4	4.034714492224233E-4	4.773053353744603E-4	0.4401426222832248	0.023848309737641862	3.8933733428193456E-4	0.49640394475560434
118	file:/Users/tanatjakphan/data-science/lda_exercise/txt_sentoken/neg/cv430_18662.txt	4.6554999262236836E-4	4.0207466839799823E-4	5.40162306100384E-4	5.017556992348758E-4	0.014121816084285681	6.436439743814994E-4	0.45775286500593	4.7794648357006884E-4	5.250195433405824E-4	0.5245691662421367
119	file:/Users/tanatjakphan/data-science/lda_exercise/txt_sentoken/neg/cv921_13988.txt	2.2315490652566268E-4	1.9272889370545567E-4	0.05883361075901325	0.013257107714284561	2.607968509861727E-4	3.085217768554817E-4	3.0472718033241477E-4	0.16944487237546246	0.2670919219894443	0.4900825575533902
120	file:/Users/tanatjakphan/data-science/lda_exercise/txt_sentoken/neg/cv730_10729.txt	3.034762050423139E-4	2.620988002206845E-4	3.5211343434649874E-4	3.2707747368748767E-4	0.3661904101781949	4.195696140888837E-4	0.0063149857147868456	3.115570558387205E-4	3.422423823670644E-4	0.6251764691414265
121	file:/Users/tanatjakphan/data-science/lda_exercise/txt_sentoken/neg/cv107_25639.txt	0.001341764500592945	1.0808245966218726E-4	0.019611107945719547	0.0025681161435225537	1.462550040359649E-4	1.7301916625356008E-4	0.0013875102724062015	0.003778335060553234	0.37972629625193516	0.5911595131953187
122	file:/Users/tanatjakphan/data-science/lda_exercise/txt_sentoken/neg/cv705_11973.txt	4.396805688689068E-4	0.013202989015928238	5.101468666983849E-4	0.009022712156643645	0.3638394501725195	6.078783230368469E-4	0.013423658465429325	4.513882184838524E-4	0.03469119650771717	0.5638108997046741
123	file:/Users/tanatjakphan/data-science/lda_exercise/txt_sentoken/neg/cv421_9752.txt	0.08418347271647122	0.0033820115029431727	0.04385572867534505	3.4434822455893185E-4	0.3109806980108999	0.00975994335913655	4.3629135841650427E-4	3.2800827833645926E-4	0.012784606035360583	0.5339448918385317
124	file:/Users/tanatjakphan/data-science/lda_exercise/txt_sentoken/neg/cv447_27334.txt	7.915605489800455E-4	6.836353781370405E-4	9.184216052645765E-4	8.531200151095051E-4	9.250816025196466E-4	0.0010943683509461164	0.0010809084053248392	0.10854643881560917	0.01628321780856988	0.8688232474695393
125	file:/Users/tanatjakphan/data-science/lda_exercise/txt_sentoken/neg/cv739_12179.txt	5.118849169619997E-4	0.025323911996528316	5.939231910341399E-4	0.2443935293944372	0.005574594051812645	7.077041082602201E-4	6.989998554326398E-4	5.255151969318053E-4	5.772733102894016E-4	0.7210926639783116
126	file:/Users/tanatjakphan/data-science/lda_exercise/txt_sentoken/neg/cv240_15948.txt	5.386922016820465E-4	0.047598018596120686	0.08965360043787861	5.805861596191619E-4	0.3305589791779432	7.447663949169042E-4	0.021683505982148615	5.53036295995383E-4	6.075049687685294E-4	0.5074813097849269
127	file:/Users/tanatjakphan/data-science/lda_exercise/txt_sentoken/neg/cv122_7891.txt	1.8469028011824638E-4	1.5950871938926836E-4	2.142900423240272E-4	0.25875012249094187	2.1584398126175036E-4	2.553426867334653E-4	2.5220215486843837E-4	0.003780595211738056	2.0828269372518302E-4	0.7359791217388997
128	file:/Users/tanatjakphan/data-science/lda_exercise/txt_sentoken/neg/cv460_11723.txt	0.19921475411912368	8.007068540601732E-4	0.0010756998507834375	9.992154667237926E-4	0.0010835003620218824	0.0012817771980393753	0.0012660122580451878	0.09108254637586395	0.001045543974564003	0.7021502435407745
129	file:/Users/tanatjakphan/data-science/lda_exercise/txt_sentoken/neg/cv893_26731.txt	1.488722035503611E-4	0.3764221207249374	1.727315090932408E-4	1.604499576260098E-4	0.0016212669545285564	2.0582257176794992E-4	2.032911017914717E-4	0.0016001191879148394	1.6788920107988723E-4	0.6192974365877103
130	file:/Users/tanatjakphan/data-science/lda_exercise/txt_sentoken/neg/cv234_22123.txt	4.378091890099903E-4	0.004634342156580336	5.079755663521252E-4	0.004728083477516781	5.116591860080164E-4	0.021886420941829382	0.026135202273340128	0.08983021253069116	4.937351178754843E-4	0.8508345595607966
131	file:/Users/tanatjakphan/data-science/lda_exercise/txt_sentoken/neg/cv803_8584.txt	2.338066937087647E-4	0.06839150604410844	2.712781975229795E-4	2.5198978186386737E-4	2.732453899763222E-4	3.2324835562348725E-4	3.19272632746361E-4	0.20026279360284718	0.10254803977716755	0.627124819524435
132	file:/Users/tanatjakphan/data-science/lda_exercise/txt_sentoken/neg/cv379_23167.txt	2.6311102933099223E-4	2.272372066299798E-4	3.052790519087336E-4	2.835731083459948E-4	0.3967776995475284	3.637629283770078E-4	0.02849588422261051	2.701170513372851E-4	0.002854593243804334	0.5701587426101268
133	file:/Users/tanatjakphan/data-science/lda_exercise/txt_sentoken/neg/cv198_19313.txt	0.053711280757507085	3.6416640856625534E-4	4.892349170844269E-4	0.291497778144861	4.927826376369373E-4	0.05387258374628501	5.757901719903652E-4	4.3288490444340876E-4	0.00457472165289578	0.5939887766587297
134	file:/Users/tanatjakphan/data-science/lda_exercise/txt_sentoken/neg/cv556_16563.txt	4.098954653674588E-4	3.5400834695995556E-4	4.75588193194482E-4	4.417729333001655E-4	4.790369535928249E-4	5.666990668906934E-4	5.597290749155209E-4	0.34311865268703173	4.622556835032776E-4	0.6531323615952439
135	file:/Users/tanatjakphan/data-science/lda_exercise/txt_sentoken/neg/cv632_9704.txt	4.6345244751223473E-4	0.009411304433148282	0.3294407367910337	4.99495028565581E-4	0.023069231270633563	0.014157306003870648	6.328633313393841E-4	4.757930858138559E-4	5.226540569410328E-4	0.6213271635511417
